.Random.seed <-
c(403L, 10L, 911824018L, -962942428L, 560624871L, 476997949L, 
1016937908L, 723010074L, -2028631707L, -20072449L, 24112774L, 
1760409104L, -291558221L, -527915183L, -264926464L, 2111058398L, 
1906334249L, -1724737061L, -142194966L, -1120263028L, -1280840753L, 
491135877L, -1522618308L, -1821277934L, 688145933L, -737258169L, 
-454852818L, -533507448L, -1101778037L, -1009622167L, 569040184L, 
1677193190L, 1037346689L, 1970667283L, -967325502L, -2104794252L, 
593063799L, 677976173L, 1387542276L, -1053981142L, -1898484843L, 
-1378119633L, -509826762L, -953071264L, -1844525149L, 2048266433L, 
-168337232L, -2062274610L, -593042631L, -1059574965L, 207487226L, 
2051996156L, 335977023L, 755134229L, -1413645268L, 182265090L, 
-2027794979L, -1609347881L, 1516591038L, 375128568L, 1979364827L, 
1760353337L, -2128777848L, -1058100938L, -1771031695L, -1543589469L, 
1044557042L, -2053607356L, 698983175L, -1852214563L, 632314836L, 
-659350790L, 821362245L, 870819487L, -506381274L, -401303376L, 
699490643L, -1214456719L, -2017484384L, 164429118L, -2081661879L, 
386947323L, -2049634102L, 1754736172L, -1740211665L, 905147109L, 
1292388252L, -643190286L, -1975264147L, 740109735L, -1904306226L, 
-1349667544L, 134047531L, 1770843465L, 902918744L, 1625606918L, 
-478927135L, 443855475L, 1346665186L, -43989420L, 432721751L, 
-410721459L, -581073180L, -761821494L, 819906357L, 951135631L, 
-1172305258L, 1531978304L, 1322099459L, -1516956895L, -725511152L, 
-1451166738L, -125795431L, -1764410325L, 1555138842L, 1436609500L, 
107138527L, 199514549L, -1101121716L, 130035106L, -1479197443L, 
-1557913097L, 1496198942L, 1395896792L, 1677634363L, -746300199L, 
1567133800L, -395463274L, 1052544273L, -514195773L, 775397074L, 
1853089636L, -345113945L, -492796931L, 967185908L, -1434701094L, 
-997546971L, 1044826431L, -679129402L, 742359888L, 1360223091L, 
-556978799L, -1138856000L, 127691166L, 189985641L, -897267813L, 
1395052202L, -1544402740L, -1164453489L, -1665511995L, 50958716L, 
-1041792558L, 1884888397L, -1993957369L, -187363346L, 1065760456L, 
1683884491L, -489186263L, -2036094344L, 588199846L, 501432769L, 
49370707L, 388676866L, -611546060L, 1012526519L, 2123415981L, 
1384678084L, 601249514L, -1575814827L, 2075348719L, -1793250058L, 
-1883169760L, -296149533L, -2029404543L, 2009004272L, 1285257102L, 
503449849L, -1844915573L, 864662202L, -288391748L, -963926273L, 
-1981601195L, -1537028756L, 1700218306L, -1420417507L, 58187415L, 
805328894L, 204481464L, 914440091L, -879860231L, -1900616376L, 
-1249070986L, 1298660785L, -240458781L, 1454547122L, -666317564L, 
-264352185L, 1050376477L, 940636052L, -950666438L, 1143424901L, 
-807390113L, -793559322L, 327452016L, 1763110547L, 409261873L, 
-2134831648L, -1274774914L, 1707698441L, 427019067L, 1071334154L, 
2136722156L, 395020143L, 168978597L, 905970268L, 759444018L, 
-274155219L, -1302773785L, -338819314L, -80062232L, 559917803L, 
-178576503L, -358170856L, 774513222L, -767556959L, 814507315L, 
73653410L, -1024617580L, 1287490071L, -1577336528L, -2126622940L, 
-607214280L, 781802202L, -1259616368L, 502534908L, 304304020L, 
-1895905214L, -1374569216L, 1660202044L, 1091415376L, -1614980958L, 
890074952L, 1862055692L, -2051650852L, -1763675310L, 584659584L, 
-1497294764L, 229764072L, 1322186490L, 1356818768L, -1450523860L, 
-1882994828L, -1005001838L, 1034286688L, -787304564L, 1749570400L, 
-1314682910L, -1430749272L, 1957289164L, -689041924L, 761916338L, 
1333185008L, -1009686076L, -2012962472L, 212878714L, -480497232L, 
-1702064196L, 14192724L, -149052478L, 231965728L, -1407755076L, 
426891856L, 1893433314L, 1756763752L, -1321379252L, 268624124L, 
-744067086L, -553263872L, 1412446068L, -140615672L, 692069818L, 
591035856L, 133039084L, 267698068L, -85967918L, -362055840L, 
1775166796L, -1375711968L, 1497285506L, 1754217192L, -1319017236L, 
1141729852L, -1339798670L, -1734186384L, -199264220L, -1135638728L, 
-1662751590L, -1162267952L, -1714159428L, -1613244780L, 1549248130L, 
416750784L, -1860079300L, -2043809648L, -319444446L, 444589576L, 
1228554508L, 1404162716L, 1550052882L, 1577184640L, 1869028884L, 
1193350696L, 122692922L, -467515440L, -419704212L, 1424860980L, 
141582994L, 1354053984L, -776924852L, -776376352L, 877666210L, 
-1175013464L, 1975978892L, 76457660L, 1050495858L, -1555121936L, 
-872998844L, -1959666344L, -1280666566L, 954762096L, -369294276L, 
-701420780L, 810404290L, 1297023200L, 1935980412L, -449929520L, 
-331151710L, 1489028136L, -742610676L, 744256444L, -840270542L, 
-1934139456L, 1947963956L, -581755960L, 1393796282L, 1948839824L, 
1749341676L, 951664724L, -357294446L, -1153860832L, 255364556L, 
-103400480L, -1847983422L, -904685016L, -978600276L, -1495870788L, 
-1332940302L, -542340816L, 176909476L, 931521208L, -459674790L, 
-295768688L, -1733594756L, 905219348L, 956180802L, 1801642752L, 
238132156L, -580773040L, -904765150L, 2138987848L, 825899020L, 
-725616548L, -1494735662L, -198457344L, -927016108L, 1089962472L, 
-885622790L, -293603632L, -1877908180L, -133830412L, -464590958L, 
1113939040L, 1114414348L, -700528928L, -201982622L, 124297896L, 
1580046924L, -1586505860L, 1708747570L, -1382408592L, -593912508L, 
-1436484648L, 679030906L, -403331536L, 84871868L, 957286228L, 
1969011266L, 374680480L, -1989187396L, 1567285712L, -1504139934L, 
-956918808L, 779868108L, -1320216836L, -58699790L, -94421888L, 
-457115404L, 1123644552L, -45144774L, 1150649168L, 1434676332L, 
2079301780L, 2054601042L, -1994195232L, 855036108L, -56076128L, 
-361064062L, 1237661928L, -278325012L, -2004969412L, -960143246L, 
-567170960L, -988700124L, 324297272L, 555182618L, -768487216L, 
-339134916L, -506426220L, -2108812158L, 1698891712L, 2139434300L, 
-1959395696L, 563303458L, 640110600L, -174900084L, -948846564L, 
242066578L, -664793984L, 1714127892L, -278207704L, 380703802L, 
-673878832L, 1091368044L, 404199092L, -1455513582L, 667500512L, 
-726250548L, -1155580448L, -2013721566L, 1146672424L, 1519442188L, 
948915772L, 1807385842L, -347997968L, -589547708L, -1034244008L, 
-24113913L, 920562928L, -1266470770L, -790574405L, -2146131299L, 
-917621174L, 265354344L, 129012817L, -1584447677L, -349001148L, 
1786505458L, 307565767L, 347549329L, -447287274L, -278087052L, 
1876688133L, 57127759L, 205380936L, 925978854L, -1973041645L, 
427399541L, 1434934610L, -656028256L, 533150857L, 1531972795L, 
596123404L, 637990554L, 835300367L, -1682823079L, -1911438098L, 
-1595424900L, -1036702739L, 1956893847L, 1129586528L, -132966594L, 
-1205942261L, -1615597427L, 2039409082L, 1588070392L, 1100751777L, 
885103955L, 220451956L, 374883842L, -1270376297L, 1734232673L, 
234013350L, 1438223012L, 259817301L, -1555250177L, -785956200L, 
-801740874L, -503821245L, 502343045L, -364790238L, 1031038224L, 
1965237433L, -1562957461L, -579958692L, -280173174L, -1750351489L, 
905632969L, 1380983134L, 1128329740L, 186758621L, -659133209L, 
2011314448L, -1167546322L, 473304795L, -1724774467L, 1027727658L, 
-1162639928L, -642680079L, 1808356451L, 1236971620L, -1217348718L, 
2054893671L, 860590129L, -1894882954L, 885812884L, -1154964315L, 
344897967L, -430677400L, 1389083206L, -96256013L, -1614635179L, 
1231175986L, 1617241344L, -1822935575L, 1467244635L, 674157228L, 
-321360710L, -1167200657L, -1292682247L, -886193522L, 786953052L, 
-1039933491L, -29737161L, 1510178240L, -1785322850L, 2129197931L, 
1412776685L, 1123268442L, -1232352232L, -1288185471L, 1841303347L, 
-866359980L, -1986801822L, 2000274423L, 602565697L, 1051404486L, 
1876006404L, 669090229L, -1670742369L, -1338528008L, -534269226L, 
-972757149L, 870031141L, -636283710L, 1049641392L, 1987033561L, 
-2098620597L, -1031144004L, -236876310L, 1446509087L, -1604923223L, 
879048766L, -887211732L, 552514429L, -1259460153L, -1258443600L, 
188992206L, 514015227L, -861042595L, 1061367690L, 26533800L, 
-1981328111L, 1632799747L, -631888124L, -1399346382L, 2131749255L, 
