.Random.seed <-
c(403L, 32L, 1936040568L, 214958852L, 1252096526L, 2146257311L, 
805132048L, -826658089L, -604289858L, -38199113L, -882454543L, 
2062823815L, 654335509L, 1415365058L, 704722741L, -348258994L, 
1161651405L, 1710706177L, 1697244062L, -1742661841L, -1184825924L, 
-1362540327L, -1166665167L, 727773503L, -176913904L, 1875777604L, 
116682436L, 1396160042L, -979740931L, -242200718L, -411204191L, 
-55230471L, 1905492883L, 1607469991L, 972965045L, 1087239004L, 
-1025919632L, 1569858464L, 1438002865L, 454780324L, -1812805953L, 
985310292L, 1749635487L, 830425161L, -1613010096L, -842926742L, 
-617350971L, -1416698926L, 1664784006L, -59550244L, -1582285513L, 
616597037L, -786611071L, 982989466L, -803360857L, 1953106570L, 
1467795085L, 666397547L, -1449425022L, -714844778L, -1905530114L, 
1267614685L, 1856573849L, -1075432919L, -910805054L, 1267610569L, 
1070143452L, -1615074788L, 1285656303L, 157972415L, -1041064439L, 
167177359L, -1918794871L, -313440304L, -466334339L, -1608966167L, 
54495022L, -1993491720L, 309616675L, -1162574247L, -1920733014L, 
498297155L, -792739682L, -109752276L, -1333887180L, -1636561117L, 
-1967890958L, 1081371565L, 1228213332L, -852673465L, -186268435L, 
499113754L, -1825134083L, 2146119321L, 1079110294L, 969170040L, 
1397884042L, 1826466827L, -762101858L, 1224823044L, 1383333184L, 
-972748787L, -1017158505L, 1883236559L, -1306005081L, 524909982L, 
1756992038L, 1277825305L, -863958003L, 371056854L, -598294818L, 
2112143774L, 363630964L, -1058869874L, -2049059092L, -593633663L, 
-458015515L, -628025358L, -266604981L, -864418217L, -2028801363L, 
-919970097L, -1724488727L, -1728966633L, -2074507368L, -369733897L, 
-794494531L, -218950465L, -2055217783L, 1220060104L, -1293927329L, 
-1955259679L, -824731543L, -1286940176L, -2091717103L, 112420888L, 
-1316400675L, 1852779529L, -1446962687L, -995181156L, 1093450906L, 
1932009414L, 697879130L, 1754975619L, 1405301497L, -1258971224L, 
-2064026868L, -1197823802L, -858082546L, -53624845L, -2006486455L, 
-227864965L, -554477757L, -538948190L, 2046669763L, -1149060481L, 
-617381388L, 812051549L, 1393413386L, 440970333L, 1794136575L, 
1633625911L, -129869755L, -1907143400L, -81109702L, 1930068304L, 
340850967L, -596039325L, 113570332L, -1621675256L, 384359167L, 
2096731739L, 1837211769L, 916548133L, 390154417L, 374038984L, 
1897544109L, -214109465L, 1667376925L, 521103692L, -97854881L, 
-1150682289L, -1888994209L, 1835349341L, -822949395L, -1661986939L, 
775118795L, -377469652L, 512664985L, -724937064L, 860962122L, 
43490297L, -456628411L, 676221569L, -643078016L, -1081719477L, 
696752196L, -2017009745L, -217843875L, -1612187809L, 935935582L, 
-485695515L, -1355295090L, -1138530587L, -1115437866L, -734548922L, 
485070530L, -828856059L, -1294606687L, -622363381L, -653583918L, 
1545285009L, 259151130L, 22278259L, 2094025179L, -1937400476L, 
1132457773L, -537750008L, 1156349703L, -604018579L, 1672925815L, 
1126947219L, 17582053L, -907170627L, -1884733021L, -676032130L, 
-498884260L, 747534417L, -1261409923L, 1094185614L, -2010737247L, 
1826705827L, 65567653L, -427901151L, 1421324117L, 290491016L, 
372408442L, 1287442266L, 580638371L, -872586615L, 452981533L, 
568447781L, -1809281848L, 890705222L, -596496010L, 34468021L, 
-287502022L, -1478712111L, 5701388L, 106991888L, -262029285L, 
715627391L, 728881165L, -1684879460L, -831780357L, 1841922504L, 
12723216L, 1546273631L, -85456841L, -276509358L, -1856424580L, 
-1109663017L, -1471628305L, -885841726L, 1549013837L, -828114375L, 
511453946L, 1093264940L, 427142367L, -451073922L, 1233247926L, 
-633225706L, 1848188984L, 1010803275L, -581753218L, 1345592557L, 
-176787619L, -561371865L, 675903808L, 1469866951L, -477193043L, 
1312490620L, 360150290L, 779822773L, -221028842L, -1093662122L, 
815255607L, -1316143748L, -1808378461L, -1025790615L, 806088827L, 
-201491550L, -373177584L, -1773650139L, 173092289L, 970483325L, 
632202872L, 1676725997L, 804680920L, -1480778043L, 1755086292L, 
-1975680844L, 1364659141L, -1418054335L, 1453455847L, 792108577L, 
-814303056L, -1504611548L, 1292507153L, 170828650L, 110077055L, 
1990376787L, 180667482L, -1002597409L, -1307441329L, -207845640L, 
397267912L, -571648593L, 271447916L, -1011253107L, 684837092L, 
-1477078574L, -998180156L, -92361738L, -1998454409L, -1960938030L, 
-700239543L, -1029443901L, 1010507414L, 1997535718L, -1778912403L, 
1123360398L, 1353203442L, -8629867L, -1320231658L, 778678177L, 
2129317541L, -2127130507L, 238283048L, 1308001433L, 919680259L, 
-1702628266L, -1093182589L, -1156842406L, -1220088740L, 498207361L, 
733340337L, 1685035698L, -1663731305L, -1141487809L, -320702562L, 
1362292614L, -1036276765L, 1711582688L, 1370441847L, -1173939765L, 
-1437088704L, -165760169L, 1110890496L, -1808702137L, 44042736L, 
-1466591520L, 2067751957L, 1183545567L, -57824874L, 1287008798L, 
1415501039L, 1457816209L, -581566007L, -287429377L, -2007749976L, 
1282530443L, 1123419282L, 172590471L, 1675013027L, 54858063L, 
667987672L, 970738549L, 1464858392L, 454963297L, -1739088207L, 
-1678192722L, -253590836L, 436806403L, -403704000L, -746648455L, 
2113157535L, -1879586784L, -1541553944L, -807627315L, 797859866L, 
-643615040L, 31216193L, -2094644465L, 2036579110L, 102580131L, 
-1145242704L, 905343277L, -1799411483L, -559397845L, -1414799498L, 
1760508630L, -2033382118L, 770040565L, 1346691343L, -445572889L, 
-435171284L, 1398463771L, -941434707L, -2129084106L, 1989160170L, 
-1580039904L, 972382993L, -190463053L, -1703495980L, -1915410665L, 
701222128L, 1403878519L, -1647623465L, -221595660L, -2111340803L, 
1854041299L, -1875180308L, -990152665L, 688944463L, -279299649L, 
285155630L, 1169607512L, -1369390610L, -754224830L, 1766629590L, 
-870453481L, 1959624748L, -1643875591L, 1151400336L, -1345171265L, 
-2128882737L, -660272999L, -1501755064L, -414168049L, 1865649405L, 
747418370L, -544723447L, 1244069666L, -2019641205L, -1244776807L, 
9047850L, 1724293133L, 402511843L, 2051952067L, 1512459171L, 
-922169619L, -572485066L, 2023168753L, -1198462514L, 1791828558L, 
1019009304L, -1868348353L, -657075528L, 1072555416L, 1317612345L, 
-1890116140L, -554223754L, 578307348L, -1332349168L, -28686832L, 
-171609109L, -399402079L, 1074101431L, 1556260827L, 1965477353L, 
282162573L, 1127808357L, -627460548L, 2010734617L, 1387702191L, 
-1130515185L, -1472108338L, -417490348L, 968166236L, 1900155059L, 
-972906202L, -1804215829L, 1952360492L, 865690799L, 742656236L, 
553581076L, 765246807L, -1946781548L, 62372638L, 1124760764L, 
1332907182L, 2003145350L, 14682711L, -1369970321L, -797280262L, 
-1529109396L, -1130218789L, -2007689747L, 1755579902L, 1554685699L, 
-801734881L, -1391511297L, 566107625L, -837934764L, -744078805L, 
-503307160L, -2044994361L, 113638312L, -1967720599L, -519037720L, 
-360521331L, -423432503L, -632283028L, -654824668L, -1462094377L, 
1304269516L, -1803555310L, 1262085361L, 1059290095L, 1622561928L, 
101734095L, 1682454790L, -1694529531L, -183415029L, 1333435168L, 
-284042037L, 1459524594L, -443617533L, -182790254L, 979399585L, 
2050689212L, 990530842L, -280905925L, -2094886430L, -1023822081L, 
-310804946L, 1433021205L, 1734661125L, 1963755846L, 1338396123L, 
447872066L, -1572815903L, -564764091L, -1425254920L, -1947112648L, 
1894278075L, 919587099L, -1523691419L, 2135768465L, 388634641L, 
-1747938482L, -1598013274L, -2031224319L, -220890736L, -571982157L, 
-1431261445L, 1381631180L, 1091458730L, 1798807035L, -201115352L, 
-45216860L, -1607186252L, -301759279L, 1361217088L, -829857717L, 
1388151921L, 1667975295L, -1750433089L, -1753869884L, -1980379861L, 
-383150115L, -1336184583L, 1009539450L, -394901493L, 1475972221L, 
-1273145650L, 958957195L, -1442150044L, -1270765477L, -1959613955L, 
-259152978L, -1631333743L, 32600261L, -322422760L, -1673507143L, 
2087862771L, 1030913672L, 903861302L, 1759592200L, -2145577709L, 
-1282578971L, -353324715L, 25429152L, -1583219958L, -1208269245L, 
