.Random.seed <-
c(403L, 497L, 2059271710L, 772655725L, -897676309L, 965807807L, 
-69701860L, 2135867596L, 1110622231L, -909258357L, -1692485915L, 
86036792L, -1975267640L, 349964578L, -1732278575L, -253231435L, 
-603941789L, -2054668468L, -1789566476L, 1294972343L, -878515850L, 
-447512720L, -1447508951L, -1311218506L, -841226603L, 1699978212L, 
2024938210L, -1632274557L, -1767667430L, 120843953L, -654411508L, 
935637741L, 797188667L, 140370493L, -578907626L, 1344237777L, 
-560761322L, 786610929L, -1311597164L, 851796075L, 1837526535L, 
2035938717L, -444709018L, 1441519576L, 1914032399L, -1182994460L, 
735271535L, -1834114157L, -239698155L, 1530922340L, 1283716499L, 
-1965207447L, -312643967L, 621169172L, 647083649L, 420178304L, 
-408911301L, 429758724L, -54084173L, 270196159L, -1174366282L, 
-234645859L, 1117163821L, 1095051417L, -1089387504L, -576426999L, 
-33035288L, -1841918985L, 273529416L, 3635148L, -204277810L, 
-236273388L, 1425621244L, 1209581025L, 1974166793L, 11264010L, 
-870648120L, 1110024751L, -521272690L, 2026154192L, -14251867L, 
1823602124L, -429685445L, 2021760642L, -639668905L, 1923893896L, 
-36577050L, 448794282L, 242197293L, 135693595L, -461081122L, 
-1594067419L, -282501345L, 168085106L, -1715256383L, 1501621958L, 
-1477917120L, 2127851515L, 2080567856L, -995121613L, 313422850L, 
-889005941L, 304884222L, 942386749L, 1387695172L, -1304266794L, 
199569538L, -370487310L, 1874930771L, 1823543525L, 1402014171L, 
-1538888850L, -1329559088L, 1458149788L, -1855894319L, 712559353L, 
1468806038L, 1939615157L, -1484906022L, -11437798L, -1559183154L, 
1979360415L, 327461131L, -862027242L, 253444006L, -707541395L, 
-28588309L, 2101980800L, 744134935L, 2077069993L, 1789462449L, 
-1780813426L, 1459704512L, -22536772L, -1478163897L, 1803569875L, 
-1882800595L, -2010922918L, 1368329657L, 1116849781L, 1706595370L, 
1600114187L, -1607406391L, -1140202068L, -1411410047L, 720409392L, 
-345944742L, -1093115362L, -218662999L, -1141306974L, 810278422L, 
-966822201L, -1754261637L, 1278523976L, 216461850L, -145860745L, 
572327366L, 964389760L, -539362325L, 963984586L, 730875668L, 
577814606L, 79809771L, -1817367450L, -1509106781L, 439179240L, 
1163407448L, -1920213507L, 616432936L, 316901552L, -310487028L, 
1639446744L, -1669878025L, 1390946510L, -866917702L, 1308383785L, 
1614990037L, -726494492L, 516425771L, 1861282971L, 1318530258L, 
-1001434551L, 8698606L, -1623002193L, -384156286L, -625460782L, 
1999641989L, -1494773507L, -45012585L, -1556976908L, 2092817321L, 
2104954972L, -119076581L, -665449387L, 569935738L, 320556564L, 
-487430017L, -86959268L, -40591116L, -275496563L, -623025265L, 
175477718L, 360490522L, 867843756L, -622435723L, 2008008204L, 
-1135215868L, 975808553L, -734406757L, 694580618L, -397107362L, 
763320613L, -1982661856L, -961895608L, -1949187519L, 1070398855L, 
-464329723L, 1529754553L, -2024997147L, -93110415L, 55920850L, 
-80115289L, -840319838L, 870732375L, 1244262519L, -2064805642L, 
1397434773L, -590712769L, -1229029329L, 984597493L, 1871370719L, 
136651910L, 262004890L, 1574252391L, -1811420688L, 576733291L, 
442593164L, 15135134L, -1090638805L, 1903928265L, 378089689L, 
-441275299L, -705023546L, 778060643L, -692272446L, -682096573L, 
-1075378187L, 736026964L, -733916250L, -1641733514L, -2027686013L, 
1902434164L, 1367091124L, 33903075L, -422657596L, -78750843L, 
-111877100L, 31990225L, -1373108557L, 1919585675L, 1388263871L, 
1565432656L, -366971973L, -1439883069L, -1794101010L, 305684798L, 
350106056L, 1650644901L, 1271608786L, -2050389028L, 320194020L, 
53001564L, 1680541530L, -2132322598L, 1778051135L, 1384099812L, 
-1573699689L, -1667578591L, 632216483L, 1720432798L, 19795675L, 
684280745L, -232788589L, -1116479828L, 2099630109L, 1189908526L, 
-1291922890L, -1957672488L, 2066453533L, 1701083600L, -1042184182L, 
2061240878L, 1344557750L, 775721507L, 534869465L, -2079524559L, 
1555694076L, 1152727817L, 989539663L, 1857011462L, 554718220L, 
-1872033291L, 1922839312L, -1577488509L, 1554736480L, 1533250196L, 
618803700L, 2047739076L, 1603648752L, -1449671607L, 378363728L, 
75430701L, 521340369L, 1753421174L, 669595197L, -1036836222L, 
-19426082L, -1269953101L, 276423070L, 2123590732L, -982408273L, 
-17156180L, 642012256L, 139624934L, 397427303L, -888126358L, 
-7931720L, 1974517796L, -563076190L, 1152116398L, 559068389L, 
-746571864L, -197345389L, -782045646L, -2131469374L, -1729660314L, 
915666498L, -200183242L, 44587944L, -1476876158L, -703121670L, 
-138933268L, 875873399L, -1121695420L, -356088102L, 1465158803L, 
-1280631829L, 955172006L, 480956574L, 115014468L, -286725809L, 
412687859L, 1310594126L, -713844007L, 53330609L, 405735452L, 
145657909L, 1206340626L, 360483365L, -1971500572L, 153266569L, 
1573489332L, -1170994656L, 1188834092L, -1239025201L, -595622275L, 
-1031956052L, -923650097L, -2091155546L, -318089905L, 2014605204L, 
1737009800L, -375564638L, 490668979L, 1122942673L, 2050055626L, 
782996415L, -1665368456L, 1970366863L, 216940097L, -836944626L, 
-1214850714L, -921799430L, 1370265021L, 2111978411L, 1838514978L, 
-1298286722L, 1735635040L, 157015064L, 1421130280L, -570271554L, 
1118350878L, 894252505L, 517342503L, -1920848098L, -67451426L, 
1441692048L, 1882617681L, 658547908L, -794461859L, 1576029856L, 
772422599L, -665028834L, 271520362L, -207350194L, 514844599L, 
-822235026L, 1736490374L, -1610971056L, -1554978184L, 1293125935L, 
130362507L, -401909703L, 628095910L, -691054714L, 168580883L, 
-243141925L, 1028017281L, -268109476L, 1876986826L, 1651820118L, 
23784753L, 2109216643L, -1262449922L, 920105709L, -1636354634L, 
909611027L, -1939935791L, -1282641524L, -577069588L, 1594201860L, 
1503487103L, -390688644L, -1128076767L, 1651991229L, 1822479762L, 
861693907L, 1259465293L, 310352600L, -1006684989L, -1771151697L, 
-564373322L, -945984170L, 200279047L, -884030186L, -241694673L, 
601676282L, -1143459076L, -1549159810L, 1415237494L, 1519692059L, 
1414038084L, 1131677638L, -1550485789L, -629867956L, -1794570669L, 
1006750521L, -1631764254L, -645634676L, -64218234L, -99836868L, 
1614749330L, -607646364L, 573835378L, 859344662L, 1783653253L, 
-1394198260L, 452567493L, -314419153L, -1115889300L, 1739840731L, 
-919471294L, 1833776386L, -1935033866L, -698244883L, 1098037719L, 
1859453768L, -1057568805L, -51392281L, 222552866L, -9312255L, 
-32758927L, 1826197118L, 1488070504L, -500887340L, -2133074968L, 
-1184880300L, -526162031L, -371589146L, 902295296L, -1966533593L, 
1146821855L, -1221055170L, -171641828L, 772753324L, -388883043L, 
-1416247284L, 1283368014L, 1538520613L, 604623619L, 625382869L, 
-1729606548L, -1494618830L, -787718685L, 1851368029L, -549986270L, 
1228164044L, -1235504001L, 2012557755L, -1662204982L, 1976818847L, 
1631160772L, 307081686L, 352357829L, -1161108515L, 2031405392L, 
1532770517L, -1187853582L, 2104507752L, -1753872280L, -804570089L, 
-312795250L, 1241251184L, -937538905L, 1564327089L, -657673198L, 
-1505962699L, -1135058218L, -2120697691L, 1689417205L, 848040438L, 
-1257529022L, -765525801L, -1864873466L, 1448429299L, -412313504L, 
-307775655L, 192924604L, -2021977644L, 2125750505L, 3888120L, 
922270893L, 1441233560L, -1745013968L, 548325849L, -445308698L, 
-637834307L, -1166740851L, 353623192L, -931719355L, 1915022222L, 
-371452174L, -957501672L, -881907146L, -897933770L, 335129753L, 
231201587L, 1724449298L, -938816572L, 397070051L, 432408513L, 
258298236L, -398375800L, 627762719L, 782583575L, 1595659791L, 
-87702728L, 560247749L, -123388842L, 307408456L, 623185303L, 
950280839L, -584678070L, -2035501570L, 1378686837L, -263847111L, 
-293763995L, 1626582499L, -310981185L, -223788918L, 424407311L, 
-1544752008L, 1254417858L, 1908464754L, 1360500100L, 277214951L, 
1847633235L, 1195249551L, -232428409L, -757700972L, 546133514L, 
2141480683L, 586646654L, 957949418L, 1637767126L, -1165099627L, 
-994768938L, -2115236618L, 786048652L, -2094844509L, -10034417L, 
