.Random.seed <-
c(403L, 313L, -1598040047L, 2134490033L, 328916720L, -612793118L, 
1814580672L, 1179944468L, -1769620915L, -1632594665L, -337801821L, 
-1176172869L, -1675590952L, 208246723L, 1334598760L, 1992126524L, 
1074028097L, -1258250189L, 337683327L, -309519685L, -293917055L, 
545239939L, 1117446274L, -1647810187L, 960671672L, 283113504L, 
1574441558L, 568482599L, 1529943279L, -338540686L, -457261467L, 
-1767058420L, 1280232431L, 83524092L, 1351918144L, 1906920739L, 
1989898315L, 1355308594L, -996826840L, -25952072L, 1678672204L, 
-179708244L, -821334505L, -486921487L, 2133706632L, -961071704L, 
-1920761310L, 31612881L, 615717831L, -282408304L, 221399544L, 
-1884183372L, -298630923L, 71555531L, -1354942144L, -1836451437L, 
-219337584L, -881739184L, 39468015L, -325793950L, -1286042589L, 
-1343205694L, -757542745L, -1284808565L, -1265559591L, -1630863067L, 
-2141309162L, 1951695573L, 2136919532L, -1401587690L, 1782592788L, 
48912100L, -1853204992L, 1036531280L, 1450695548L, 467208569L, 
-1178155535L, -845236483L, -210682097L, -1842860710L, -536981860L, 
633204228L, 1943118423L, -942008669L, 1669588622L, 636602704L, 
-794091847L, 1914838731L, 1975517562L, 509544644L, -1116221375L, 
1466955107L, 419630347L, -1732354230L, -1842873968L, 1472787845L, 
1767178722L, -441012172L, 458729834L, -334552700L, -477109719L, 
-305244460L, -976251542L, 942838589L, -1991812213L, 1121988208L, 
2027309323L, 2009806086L, 1940427449L, 1254052102L, 1606855363L, 
-376761699L, 1076456222L, 799655624L, 2135586882L, -1785097629L, 
1477300024L, 1094418469L, -865809647L, 606043208L, -460786234L, 
934643622L, 384337614L, -1793748653L, -93758638L, 1828285029L, 
1723554373L, -1967291229L, 1786675476L, 346509159L, -1726087868L, 
1414970847L, 1317015547L, -560823923L, 67279380L, 1997554217L, 
764521966L, -1566275637L, -1852040114L, 2060013753L, -335647571L, 
-1301893559L, 1715582446L, 2047407127L, 1645064393L, -626136305L, 
-101886110L, 1590750464L, -223560258L, -2045968827L, -2090963721L, 
20078662L, 787986637L, 855500057L, -212997078L, -413503562L, 
1304679039L, -971007373L, -1354578720L, 75466050L, 1555226951L, 
2001314920L, -1092076170L, -379948643L, 284700702L, -1973971196L, 
319922491L, 1187722303L, 1416565825L, 1225759761L, -2012292785L, 
-1942066625L, 1007228387L, -1041530444L, 410639191L, -1833521492L, 
-595227683L, 341933080L, -283364179L, 411745420L, 908444891L, 
-1852355488L, -890257121L, -1821702870L, -1979463748L, 1112824094L, 
2101135293L, 1500465257L, 2127223578L, -1226914088L, 601879516L, 
1087032821L, -1360790153L, 834072321L, -1513707861L, -468745435L, 
2049653841L, 448679283L, 71188390L, 20932759L, 1552233527L, -1025041036L, 
-1806050107L, -221927779L, -1744363205L, 1867208977L, 30841685L, 
-1222534649L, 1474885386L, 1434584533L, 176687646L, -750953451L, 
52639967L, -181423228L, 1679762043L, 966221630L, -821102959L, 
1355194381L, 1091521096L, 1991019092L, -784950187L, 723945810L, 
-361786478L, 146864347L, 615669769L, 1937242486L, 1446264316L, 
-1563016869L, -1524161764L, -232342275L, -1819042969L, 1785663028L, 
-1877625357L, 1562880745L, 1981421515L, 1885472441L, 847755327L, 
207898758L, -255215004L, -1289833487L, 293295555L, 1611044494L, 
-205666211L, -155206873L, 2026090341L, 62095648L, -1191403877L, 
-252244308L, 806369655L, 141216993L, -1396127713L, 1081400259L, 
-1386268937L, 2085136948L, 1930013072L, 1148581435L, -1565401139L, 
-2118429506L, -1082203042L, 1990696316L, 483621600L, 280623110L, 
-1606808581L, -1703383954L, -1698578334L, -530095697L, 1267483099L, 
-1658224526L, 940210750L, -909739551L, 1862489980L, 825835399L, 
-821694070L, -1452917344L, 1163102024L, 1941682318L, 1600965697L, 
870323077L, 1252654979L, -1923726536L, -528514397L, -926136246L, 
1732416325L, 92378593L, 482905312L, 1459124683L, 2109704403L, 
-1018402236L, -1755840912L, 1641297428L, 1122656621L, 673260810L, 
-1415295963L, -1351831255L, -138060338L, 1869973754L, -1805108121L, 
-363389324L, -1618485390L, 1559870962L, -278354855L, -1559522621L, 
844705893L, 1076220948L, -879435995L, 1760743058L, -1902264220L, 
1400128908L, -713234356L, 1823961741L, -641150314L, -760461401L, 
1115421741L, 161965353L, 1788011661L, 1892566355L, 908605324L, 
1712772478L, -1442580531L, 545103942L, 1713884378L, -154851943L, 
-1140397524L, 947783121L, -1849852302L, 1634225809L, 1078442367L, 
686917304L, 489264759L, -216790550L, 64895378L, -1071849248L, 
283797410L, 2072500429L, -1564865202L, -613922859L, 1134129835L, 
599762313L, 1389122015L, -37964726L, -70717963L, -1549911195L, 
976893178L, 799757566L, -425611626L, 550783483L, -1126893892L, 
1908432497L, 1499674758L, 1398982344L, -1365906413L, 756623300L, 
19414155L, -460351490L, 1219950145L, -1737718242L, 1438465190L, 
433814623L, -1069025353L, 2060186534L, 1836338620L, 1460142562L, 
-523375173L, -768149846L, 13370076L, 1865376321L, 2048272985L, 
-722611902L, 533125710L, 697287547L, 1868206054L, 822042785L, 
524270609L, 486006776L, -314623041L, 944735721L, 1139266617L, 
1119414559L, -345295820L, -1845326524L, 329385373L, 70176875L, 
914780890L, -4824861L, 257385688L, 2067066820L, -1114019575L, 
-536440554L, 290617693L, -305596739L, 2060688082L, 1968686943L, 
-1126373387L, -759257435L, 239175672L, 1305416504L, -308152470L, 
503011795L, 1323820845L, -86380904L, -1664283516L, -1035903361L, 
-1403039686L, 2041128747L, -532952370L, 1153326259L, 2075767712L, 
709633963L, 1911143148L, -1707755585L, 1841380942L, -672230745L, 
1500695372L, 1369382394L, 1555539486L, -1849116275L, 621393789L, 
-1593302580L, 1598789308L, -1812722843L, 2056807535L, 632873947L, 
139990487L, 1917400646L, 1894220099L, -1312232137L, 1475378152L, 
1298157077L, 1256502031L, -1583393679L, -102924604L, 1828252143L, 
-1475970592L, 1896374939L, -155594239L, 1579315673L, -1562335679L, 
810708936L, -1648415016L, -353169879L, 1373358581L, -1754911864L, 
1341314651L, -454799439L, 1968363792L, -1821079579L, 1405318304L, 
-1513011516L, -508292153L, 1208560360L, -1455671405L, 1176649335L, 
-324139465L, 2006298405L, -1442273359L, 1928813440L, -409136569L, 
-134214196L, -1365225263L, 369268480L, 477790647L, -690883304L, 
609453090L, -1115698542L, -425066534L, 1372431249L, 972670829L, 
393494949L, 578000375L, 2063365271L, 648250845L, -1913090882L, 
1268347013L, -881985399L, 1729066240L, -1698905494L, -1851420490L, 
971445135L, -1350410187L, -600623333L, 217281057L, -585777486L, 
-1415585585L, -77654099L, -226923585L, -1590855L, -1390414229L, 
2048630759L, 1265867377L, 157124532L, -971187480L, -234412110L, 
-183223716L, -1344453026L, 2030535372L, -113311160L, -2091184007L, 
-1462695968L, -1609971261L, -543549816L, -1396663879L, 1061058788L, 
2033094870L, 1229395077L, -2065304227L, -935929852L, -1113016036L, 
-1991674050L, 596479165L, -1633338812L, -865762445L, 2138728036L, 
1783751181L, -2115208477L, -860503754L, -771503634L, -1337498364L, 
-911702060L, -245582729L, -20462497L, -554422989L, -469142739L, 
1400434763L, 99773531L, -369596166L, -60490028L, 1390804499L, 
-1135858244L, 620825561L, -98955946L, -1163501545L, -668089003L, 
-1803187107L, 761434996L, 382941379L, 963061395L, 182265134L, 
547698103L, -2044778857L, 1326327734L, -781196696L, -1911078069L, 
1714981516L, -1343500694L, 9261799L, -1266998005L, -620810912L, 
-1601530399L, 715464552L, 2029319704L, -1454504403L, -278351695L, 
788465949L, 1227395360L, -1855224708L, 1762501456L, -1769519739L, 
322843878L, -488162280L, 1092693581L, -932158863L, -1890919199L, 
-277143088L, 1588724795L, -246403080L, 634638516L, 73794231L, 
315887557L, 2018235276L, 1414471034L, -546506544L, -2049795811L, 
1873991216L, 2145170083L, -2063100258L, 1191100795L, -969014460L, 
1557307047L, -48022489L, -229623344L, -1825291834L, 1973662236L, 
781349599L, -2136457162L, -922718470L, 1616999825L, 940441811L, 
-2033972323L, -1542350210L, 126056462L, -559007774L, 451442089L, 
1113268961L, 1212210302L, -501093692L, -1638639262L, -913020610L, 
