.Random.seed <-
c(403L, 10L, -1696243001L, -1887939666L, 791367176L, -294428149L, 
119534313L, -730694216L, 1334704742L, 545638145L, 877998483L, 
296290882L, -226533900L, 1828071415L, 224271341L, -192777084L, 
1717021354L, 1617969173L, 819718319L, 1301866166L, -201329440L, 
1407653923L, 1683965761L, -537318864L, 1075886158L, 1997547705L, 
-1868538677L, 1345708410L, 513907836L, -288974657L, 699690389L, 
-2120602196L, 2079483778L, -179606179L, -1654610857L, -282393794L, 
1066888056L, 1782319195L, 785846201L, -2073915896L, 362257590L, 
2042366961L, 1149449763L, 541976178L, -496288572L, 1766111879L, 
1363489373L, -46943148L, 869736058L, 497704389L, -781050081L, 
-167064922L, -1396708304L, 232689363L, -182276879L, -43866080L, 
664161982L, -1537021239L, 1890427003L, -740909494L, 2104396460L, 
-1452393041L, -923775643L, 260545308L, 326385522L, 1514968045L, 
-1268329433L, 692456526L, -738348888L, -1670029653L, -173933623L, 
-558409768L, 959397510L, 353584993L, -1881539853L, -1431722654L, 
1633842132L, -1054279977L, 257948877L, 246946916L, 1593455178L, 
-1319512139L, 253913871L, -1395714026L, 2106548928L, -1760316285L, 
1323294881L, -902117744L, 999871854L, -1365163239L, 904316843L, 
1587389850L, -1045233316L, 926472287L, -1691748299L, 223640524L, 
126938914L, -327061123L, -1237501321L, -84434018L, -1378127272L, 
-232735813L, -494236327L, -1232451864L, -1240172778L, 575330449L, 
-267881149L, -1288556462L, -1013501212L, -661789401L, 739188093L, 
-1522928524L, -1797628326L, 444730021L, 1959817407L, -1534258362L, 
-2027798064L, -1955257357L, -1758856431L, -525341888L, 1045123870L, 
1261083625L, 647475483L, 269364010L, -957879220L, 514958351L, 
236162885L, 1374628092L, 1788712786L, 1322506445L, -2089711481L, 
802888558L, 991645000L, -1980737205L, 159943849L, -532484616L, 
1328067878L, 460924481L, -760762413L, 1084548482L, -499168844L, 
-169257673L, -1174101971L, 1871048004L, 1664445034L, 128697557L, 
296694383L, 1780864886L, -1867712352L, -1636306589L, 1546822145L, 
1821716848L, -534654706L, -415644807L, -1425569013L, -1207143366L, 
-988327108L, -185546625L, -1501303851L, -149076500L, -539523262L, 
-400201571L, -70078185L, -1009833858L, 134398008L, 2138421019L, 
1330132089L, 605281480L, 687009014L, 1502956849L, 1118956899L, 
341536562L, -666548092L, 336065735L, -1218136163L, -2094898412L, 
-1306439238L, -1645221883L, 1562557919L, -1064947610L, -508395536L, 
393156883L, 2066179761L, -500100768L, -366639362L, -974413175L, 
-1518699077L, -1870714998L, 662679148L, -71733265L, -1565890523L, 
1760577756L, -1813336398L, 1093829037L, 332784999L, -1747062130L, 
-883696792L, -943234197L, -1082868471L, 564810648L, 1214390982L, 
-1272256479L, 1217412275L, 1248280098L, -465493996L, 231376023L, 
-499618163L, -1508204636L, -1954176630L, -35815947L, 1438961743L, 
2033674070L, 1907858944L, 1371688771L, 36783841L, -1098447792L, 
-347714386L, 1943763033L, -910428053L, -231154214L, -1789852004L, 
636639391L, -1120857355L, -1557262452L, 1558634082L, 1042432573L, 
-1402270537L, 1659392862L, -271960424L, -1013885294L, 729537120L, 
1138710668L, 207972704L, 633800930L, 1795622056L, 809787084L, 
-1879963140L, 1878487986L, -389407760L, -1129379388L, -1330164392L, 
468859258L, 632986032L, 121373116L, -595136940L, 1114700226L, 
-1059312864L, -1827046468L, -1750347696L, 117351394L, 1578289000L, 
393871180L, -335384836L, -1810395406L, -433820416L, 1699669108L, 
674082312L, 1960451514L, 1170449872L, 696012780L, 1343368084L, 
-1336471342L, 141098080L, 2068763980L, -1676850400L, 1488779906L, 
1481138664L, 1863082988L, -1165380036L, 1830608498L, -1519422608L, 
-1243534044L, -569066952L, 522162586L, 1486243280L, 398288316L, 
-1980316012L, -816217470L, 1384732096L, -450572484L, -505900400L, 
-1660811486L, 1390171656L, 1197540108L, 1070013340L, 36807698L, 
1028649856L, 2020813588L, 1271813416L, -1183158214L, -123677744L, 
929176172L, -1443357644L, -224487278L, -853466784L, -391803572L, 
2077216224L, -1851231326L, 1480936360L, 2048887948L, -183966788L, 
-812360590L, 629340144L, 249943108L, 1116944472L, 841564218L, 
-350982032L, 1392285244L, 1953552148L, 1649224386L, 1073459936L, 
605154428L, 300473552L, 1578101666L, 18386472L, 1224046860L, 
1533015996L, 911247666L, -838426432L, -524901836L, -267892024L, 
-1244636486L, -1175739248L, 1535219436L, 1668431444L, -973289838L, 
720058144L, -2105481268L, 61554912L, -2047394110L, 450905128L, 
-2094543956L, -855639364L, -432076302L, 1917736496L, -1734203484L, 
1364398520L, 222524250L, 96629904L, -441025668L, -1255663852L, 
1146195266L, 310288128L, -302083140L, 160591696L, -598345438L, 
960102984L, 1797468172L, -963439524L, 1996816850L, -1086562816L, 
-369847980L, -1431015192L, 672862458L, -870054192L, 1949413676L, 
-1550429964L, -2049880686L, -1962456736L, 248809484L, 961643232L, 
1797061218L, 1224487592L, 1299819084L, -1702289540L, -179387086L, 
-493529488L, -155118780L, 970778584L, -417130630L, -1560713680L, 
552835004L, -1045408172L, 1824579650L, -1052118880L, -1645406532L, 
595614160L, 818033506L, -1326124312L, -1011703604L, 1437303292L, 
-793075214L, 2108148352L, -2119926284L, 1717364360L, -1417617606L, 
606434128L, -104485780L, 1657155988L, -479062958L, 478822880L, 
1369574604L, -614628192L, 307357058L, -766867224L, 449197804L, 
-1109260996L, 895392882L, -371214224L, -720752604L, -412287944L, 
-852480230L, 1076440272L, -94208196L, 1900566420L, 761660290L, 
2056956352L, -1492410820L, -1149598320L, 1423892002L, 1792206088L, 
-1161863540L, 495718172L, -1027882862L, 547297664L, 1244599828L, 
2043154216L, -1566635462L, -215818800L, -779802260L, -1121049676L, 
1528330258L, 365839840L, -790005812L, 1160462560L, -72517598L, 
-835456728L, 719900172L, 1227720508L, 105231346L, -1679521040L, 
-824881596L, -1006349736L, -1977123014L, 963401200L, -779544900L, 
476559636L, 1053299394L, -1046862752L, 579285884L, -863189040L, 
928133410L, 586250920L, -1905468532L, -1455814468L, -2003329230L, 
1914120768L, -1089921868L, -1057877432L, -1126550086L, 465224208L, 
1159127788L, -768917164L, -799497966L, -1187476064L, -1664920884L, 
644381961L, 1188792891L, -1491591284L, 177880602L, -1783921009L, 
270582233L, -2145634706L, -2033502724L, -266416275L, -753321705L, 
1712854240L, -1694967106L, -962340725L, 1885947661L, -2055125190L, 
-132857992L, -1827769055L, -2094668333L, 1737606388L, -398099070L, 
-1590638569L, 664530657L, -49645530L, -1623769820L, 1204889045L, 
-1672156801L, -1156196328L, 1089333046L, -2094898749L, 404582405L, 
-497618014L, 476766096L, 1008483129L, 424775659L, -886247204L, 
-1254928118L, -913481729L, 154825289L, -1594017826L, -2128586868L, 
-1120155811L, -1781285017L, 1162478736L, -568104274L, -725055653L, 
1177573181L, -2108299862L, -1422128568L, 603458161L, 1510075363L, 
963081956L, -1270116846L, 1606998503L, 1522030001L, -831925258L, 
1251180052L, -126082779L, 90081839L, -1549742104L, 1254488262L, 
2087689587L, -1501837867L, -2047260238L, -485668992L, 2084617065L, 
-1034940453L, 2047989548L, 322763066L, 300591087L, 872755833L, 
-860547826L, -10830628L, 1152570189L, 1303050935L, -370452416L, 
979523870L, -677346325L, -1835323539L, -181107238L, 1605826456L, 
-962677247L, 707262387L, -886905132L, 556482530L, -442555785L, 
1783659457L, -1037104826L, 259963012L, -1313702347L, -518216161L, 
682738040L, -1158274986L, 253463779L, -1881159003L, -1119824062L, 
1679336752L, 693302617L, 83408587L, 2125115196L, 945940330L, 
1336649119L, 922663977L, 1162534590L, -10399828L, 628061437L, 
456044615L, 896077616L, 385570894L, -1557040005L, 1700378589L, 
1951237642L, -430417112L, -867097199L, 918485891L, 1666711684L, 
1002401458L, 1012511239L, 486408785L, -2145003050L, -1348795212L, 
-1154162491L, -2031455729L, 1815161480L, -294645850L, -99793069L, 
-321726283L, -1604766190L, -1286413344L, 1098290761L, -739564421L, 
-198933172L, 337768666L, -117038897L, 2137373849L, -200195922L, 
-244056644L, 879568429L, -1020919337L, 8259616L, 206859646L, 
