.Random.seed <-
c(403L, 10L, 195130703L, -758627754L, -646274816L, 769250371L, 
668628961L, -1936943280L, 1749584302L, 326502233L, -340259477L, 
548230362L, 1322278300L, -2039283297L, -1558002699L, -2141220212L, 
1759950690L, -1754134723L, -128319561L, -618451874L, 915177880L, 
1656538363L, -739970919L, -1369472728L, -1823221802L, 1298748497L, 
177815299L, -1654327662L, -1774414812L, -2038998297L, -833736899L, 
-589582412L, -1977805798L, -262000795L, -922840577L, 813268102L, 
965722128L, 1106977459L, 1999937873L, -1041948416L, -743611426L, 
2089652265L, -3954725L, 1933579498L, 627094156L, -766661169L, 
-577543803L, -1497130436L, -1366081774L, 218031117L, -1998246073L, 
-261337810L, -1030304632L, -999188085L, -371957399L, -38155464L, 
420165094L, -1001533055L, 1147487507L, 193069762L, 1577373044L, 
-1730974345L, -511584659L, -223954684L, -867120086L, -1670266475L, 
171177519L, 930059062L, -444372128L, -371175005L, 1874203329L, 
-643167568L, -97065522L, 517822777L, -1773333173L, -1909465350L, 
-362688516L, 7188543L, -961173227L, 920285740L, -1092960510L, 
1379716061L, 856467159L, 180187582L, -28150792L, 887826395L, 
912972345L, -163161208L, 284207926L, -1121470095L, 1763791779L, 
-2069077262L, 636215876L, 1715383559L, -2142128931L, 683516372L, 
-1760746246L, 723532869L, 1126730911L, -477098458L, -1724216656L, 
-1766541485L, -2087300495L, 1212350368L, 1612846910L, -1989042615L, 
882129659L, 1174399690L, -1057252308L, -491969489L, -31273755L, 
1582867868L, -925366286L, -843918739L, 978442151L, -667285042L, 
-44859608L, -4950741L, -1829898423L, 1697332312L, -60372730L, 
1163252961L, 1888048243L, 120660194L, 739797076L, 149073239L, 
-2146353843L, 1887658212L, -1697334070L, -1414958795L, 611800975L, 
-1012792170L, 1221872704L, 1123663107L, -238481119L, 1712347664L, 
40116718L, 1368806809L, 851579435L, -1528184038L, 745003484L, 
-1332211745L, -790521931L, 170660172L, 1947899810L, -2138472707L, 
647532535L, -1652975330L, -830348328L, 168191291L, 2030920409L, 
-2064474520L, -24641642L, -258823407L, -1472813885L, 2013252818L, 
-96511644L, -1440818009L, 13591037L, -1694610444L, 637781210L, 
-1860680155L, -827352257L, 552057030L, -2038057648L, 1888353651L, 
328607633L, -1110263360L, 76561310L, 1838761321L, 1570356635L, 
1717895338L, -2023711028L, 1846427535L, 534973381L, 615804796L, 
-1913827374L, -834543795L, 220470791L, 999464430L, 1408878792L, 
1975617483L, -1956965847L, 1103261816L, -538030682L, 1972418497L, 
1043450963L, 1276535554L, 280487476L, -1689803849L, 1526465453L, 
-416339772L, -2115203862L, -452607147L, 643798255L, 908409590L, 
37127712L, -181404701L, -311906175L, 1173950192L, 1034501518L, 
-1574522119L, -205590389L, 1279490234L, 620465084L, -284626689L, 
366908501L, 159055724L, -787083326L, -958396387L, -60966761L, 
-44145154L, -553683528L, -106210917L, -45129735L, 1724811080L, 
1894703734L, -1795032143L, 2120762851L, -33752398L, 951875332L, 
1960873031L, 1054812957L, 1501729172L, 314856762L, 1947019653L, 
-1012807073L, 1908550886L, -247292048L, 504949954L, 1614408800L, 
-1568424580L, -1111785520L, 1870481698L, 2137263784L, 150470540L, 
-1576147780L, -1183444174L, -581683648L, 558380212L, 1559268424L, 
-2038231622L, 822876688L, 1137462508L, 902107476L, -1023427822L, 
1869464992L, 443617996L, -1049998752L, -1199495230L, 1955537704L, 
-1937235540L, -247237316L, 90047346L, 962749744L, -375267548L, 
1740367160L, -1232230694L, 1773025168L, -296287492L, 957332L, 
-175987646L, -1449169664L, 1194164284L, -39318192L, 1199944866L, 
1228110664L, -542216436L, -143864100L, -1957312686L, -174856576L, 
47026260L, 939836392L, -1634088198L, 443870544L, -1845905620L, 
-1399952524L, -1463172206L, 296847968L, -754815092L, 505976672L, 
-460973086L, 1902201768L, 1668353228L, 481659388L, 1983401906L, 
-1977213456L, 1763818948L, 29356376L, -219060870L, 1455463856L, 
-1345256516L, 325757012L, 1127882690L, -908494816L, -1134473028L, 
1140390480L, 1069914082L, 1338367592L, -1009770932L, -739579652L, 
-53366798L, 412255488L, -1767736460L, -737183736L, -637892166L, 
-1738027568L, -1572875284L, -1139135596L, 1774717906L, -1963389088L, 
-928319156L, -1020944096L, 1308061570L, 437186280L, 985561324L, 
1368702524L, 773301106L, 531539568L, 995003428L, -532521160L, 
-636567398L, -1708415280L, -498613060L, -390616428L, 1330002562L, 
1889333440L, -761297604L, 1262454928L, -1725112798L, -1113597432L, 
1966429452L, 1146593948L, 653858322L, -446000768L, -1296858604L, 
1881447976L, -258350790L, -1136190512L, -1021333908L, 1755822900L, 
992498322L, 1585112416L, -1421462196L, 680223712L, -822181982L, 
-23060568L, -110948468L, -1956406596L, 1047116658L, -1686445840L, 
2022779972L, -6664872L, -188026822L, -1553841296L, -1241123780L, 
1071655700L, 1170329026L, 1173802208L, 251852668L, -230623536L, 
-1717880158L, -560098264L, 475775244L, -789943364L, 2102502706L, 
1297061824L, 1841399348L, 210840520L, -612678470L, -370841712L, 
1579657708L, 872617044L, 399506066L, 1830095648L, -749272628L, 
-475210784L, 57841346L, 1443690024L, -926093652L, 850175676L, 
-1479433742L, -1836787408L, -687626076L, 1891777208L, 822009690L, 
517856656L, 1430441340L, 1781059860L, -431878846L, -728902912L, 
-1092187204L, -653126832L, 1804616994L, 906570056L, 681372684L, 
-1336083364L, 1443226834L, -1452768256L, -584390828L, -1200711192L, 
702094330L, -1842484528L, -509647572L, 433077492L, 1078879122L, 
-2035938208L, 1624283404L, -808953120L, -1007295134L, -1791027544L, 
-534446516L, -1194921092L, 1759838002L, -1700150672L, 597397828L, 
1985169368L, 626082938L, 1813572144L, -2044023108L, 397455188L, 
775962178L, -1465974880L, 2130713788L, 151581136L, -1010073246L, 
-1997813784L, 377691084L, 1641938684L, -978459662L, -1913162624L, 
89907444L, 1211158664L, 1094349114L, -1877798064L, -1920704404L, 
527826068L, -1025301166L, 1849328352L, -301470516L, 1358048416L, 
-1557934718L, -1927627544L, 1239305452L, 2138761276L, 1214200946L, 
1373502576L, 511681060L, -1137936840L, 38093338L, -2004331312L, 
759744060L, -1224044396L, -1460069246L, -1491018816L, -1652666052L, 
-1771613503L, 919434611L, 1564247700L, -1543982302L, -1932485065L, 
2078796545L, -468831738L, -786837436L, 44671349L, -827104033L, 
-95504328L, 104497174L, 1564545059L, 89378789L, -28034558L, 502638704L, 
980950553L, 1458110475L, -1870701828L, -784118998L, 649682271L, 
1914107113L, 627508222L, -1892909076L, -1323398339L, 522667783L, 
2063163120L, 578535054L, 1424144571L, 755707037L, 50126922L, 
1366245992L, 300109393L, -933628605L, -467442620L, -475150606L, 
-15708473L, 2068427921L, 2115611158L, -1753409420L, 2122980101L, 
-266423985L, -323554488L, 625066726L, 902624275L, 2033109877L, 
1102342994L, -214705248L, 208940681L, 745675451L, 1054589196L, 
376913050L, 1104986639L, 1474889305L, -1351279890L, 2049937788L, 
-1173036563L, -1411420521L, -1557288608L, 439520574L, 1476009483L, 
1523640973L, 10692538L, 2113607160L, -181390943L, -1405331629L, 
235615860L, 1524946946L, -1923448169L, 1313213537L, 546965670L, 
-1544570716L, 745853269L, 2058383871L, 516221080L, -467651146L, 
1248058947L, -555859067L, 638658594L, -393106672L, -1191172423L, 
-32638101L, 489992796L, -123400310L, -915710081L, 1619014345L, 
-503170210L, 270811148L, -489885731L, 615381735L, -1413614832L, 
-1201821138L, 622399707L, -1517466179L, 625179434L, -753937464L, 
-59748111L, 1350610531L, 230570596L, 520968594L, 1383339623L, 
-994757071L, -1918178442L, 1678573716L, -1691906395L, -492913745L, 
90314856L, 93350982L, 221440499L, -473098923L, 1222147890L, 287412992L, 
-1433651223L, 1352534619L, 251270316L, 1907583674L, 1145421935L, 
-744907271L, 77056142L, -478404260L, -1632446003L, -103531209L, 
-460836928L, -684095330L, 1278487915L, -2146028307L, 721323354L, 
1495410200L, -304909439L, 919529779L, -708884652L, -1682628254L, 
1829784055L, -127825343L, -427041082L, -1265131516L, -1013616715L, 
906191007L, -1470505736L, 714130646L, 1975317859L, -1657618139L, 
